   2.7696900000000002e-10   3.1761999999999998e-10
   3.4895899999999999e-10   0.0000000000000000e+00
   3.9945800000000002e-10   4.8438900000000001e-10
   4.3966000000000001e-10   5.3801899999999996e-10
   4.7360999999999998e-10   5.8361899999999999e-10
   5.0328499999999998e-10   6.2369599999999999e-10
   5.2982199999999995e-10   6.5969200000000004e-10
   5.5393700000000003e-10   6.9252699999999996e-10
   5.7611799999999995e-10   7.2282600000000004e-10
   5.9671100000000001e-10   7.5103599999999999e-10
   6.1597300000000002e-10   7.7749199999999999e-10
   6.3410000000000001e-10   8.0244600000000002e-10
   6.5124599999999997e-10   8.2609999999999997e-10
   6.6753400000000000e-10   8.4861299999999995e-10
   6.8306300000000004e-10   8.7011699999999996e-10
   6.9791699999999998e-10   8.9071899999999999e-10
   7.1216399999999998e-10   9.1050999999999999e-10
   7.2586300000000004e-10   9.2956700000000000e-10
   7.3906399999999996e-10   9.4795600000000007e-10
   7.5180900000000000e-10   9.6573300000000006e-10
   7.6413599999999998e-10   9.8294900000000010e-10
   7.7607700000000005e-10   9.9964500000000002e-10
   7.8766199999999996e-10   1.0158600000000000e-09
   7.9891600000000004e-10   1.0316300000000001e-09
   8.0986100000000004e-10   1.0469800000000000e-09
   8.2051899999999997e-10   1.0619400000000000e-09
   8.3090600000000005e-10   1.0765400000000001e-09
   8.4104000000000002e-10   1.0908000000000000e-09
   8.5093600000000003e-10   1.1047300000000000e-09
   8.6060599999999995e-10   1.1183500000000000e-09
   8.7006400000000003e-10   1.1316900000000000e-09
   8.7932100000000003e-10   1.1447500000000000e-09
   8.8838700000000005e-10   1.1575500000000000e-09
   8.9727099999999995e-10   1.1700999999999999e-09
   9.0598300000000003e-10   1.1824199999999999e-09
   9.1453000000000005e-10   1.1945199999999999e-09
   9.2292099999999996e-10   1.2064000000000001e-09
   9.3116200000000004e-10   1.2180800000000000e-09
   9.3925900000000001e-10   1.2295600000000000e-09
   9.4721999999999996e-10   1.2408499999999999e-09
   9.5504799999999991e-10   1.2519600000000001e-09
   9.6275099999999992e-10   1.2629000000000001e-09
   9.7033199999999991e-10   1.2736700000000000e-09
   9.7779600000000004e-10   1.2842800000000000e-09
   9.8514800000000004e-10   1.2947400000000000e-09
   9.9239199999999994e-10   1.3050500000000000e-09
   9.9953199999999998e-10   1.3152199999999999e-09
   1.0065700000000000e-09   1.3252499999999999e-09
   1.0135099999999999e-09   1.3351400000000000e-09
   1.0203600000000000e-09   1.3449100000000001e-09
   1.0271200000000001e-09   1.3545500000000000e-09
   1.0337900000000000e-09   1.3640700000000000e-09
   1.0403700000000000e-09   1.3734700000000000e-09
   1.0468800000000000e-09   1.3827600000000001e-09
   1.0533000000000001e-09   1.3919400000000001e-09
   1.0596400000000001e-09   1.4010099999999999e-09
   1.0659100000000001e-09   1.4099799999999999e-09
   1.0721099999999999e-09   1.4188499999999999e-09
   1.0782400000000000e-09   1.4276200000000001e-09
   1.0843000000000001e-09   1.4362900000000000e-09
   1.0902900000000000e-09   1.4448700000000000e-09
   1.0962100000000001e-09   1.4533699999999999e-09
   1.1020699999999999e-09   1.4617700000000000e-09
   1.1078700000000000e-09   1.4700900000000000e-09
   1.1136199999999999e-09   1.4783199999999999e-09
   1.1193000000000001e-09   1.4864800000000000e-09
   1.1249200000000001e-09   1.4945500000000000e-09
   1.1304900000000001e-09   1.5025499999999999e-09
   1.1360100000000001e-09   1.5104700000000001e-09
   1.1414700000000000e-09   1.5183200000000000e-09
   1.1468800000000001e-09   1.5260999999999999e-09
   1.1522399999999999e-09   1.5338000000000000e-09
   1.1575500000000000e-09   1.5414400000000000e-09
   1.1628100000000000e-09   1.5490100000000000e-09
   1.1680200000000001e-09   1.5565199999999999e-09
   1.1731900000000000e-09   1.5639600000000000e-09
   1.1783100000000000e-09   1.5713400000000001e-09
   1.1833900000000000e-09   1.5786499999999999e-09
   1.1884300000000000e-09   1.5859100000000000e-09
   1.1934200000000000e-09   1.5931100000000001e-09
   1.1983700000000001e-09   1.6002499999999999e-09
   1.2032900000000001e-09   1.6073300000000001e-09
   1.2081600000000001e-09   1.6143600000000000e-09
   1.2129900000000000e-09   1.6213300000000000e-09
   1.2177799999999999e-09   1.6282500000000000e-09
   1.2225400000000000e-09   1.6351200000000000e-09
   1.2272600000000000e-09   1.6419299999999999e-09
   1.2319500000000001e-09   1.6486999999999999e-09
   1.2365900000000000e-09   1.6554100000000000e-09
   1.2412100000000001e-09   1.6620799999999999e-09
   1.2457900000000001e-09   1.6687000000000000e-09
   1.2503400000000000e-09   1.6752800000000000e-09
   1.2548500000000001e-09   1.6817999999999999e-09
   1.2593300000000000e-09   1.6882900000000000e-09
   1.2637800000000000e-09   1.6947300000000000e-09
   1.2682000000000000e-09   1.7011200000000000e-09
   1.2725900000000000e-09   1.7074700000000001e-09
   1.2769500000000000e-09   1.7137800000000001e-09
   1.2812799999999999e-09   1.7200500000000001e-09
   1.2855699999999999e-09   1.7262800000000000e-09
   1.2898500000000000e-09   1.7324699999999999e-09
   1.2940900000000000e-09   1.7386199999999999e-09
   1.2983000000000000e-09   1.7447300000000000e-09
   1.3024899999999999e-09   1.7508000000000000e-09
   1.3066500000000000e-09   1.7568300000000000e-09
   1.3107900000000000e-09   1.7628300000000000e-09
   1.3149000000000001e-09   1.7687900000000001e-09
   1.3189799999999999e-09   1.7747100000000000e-09
   1.3230400000000000e-09   1.7806000000000000e-09
   1.3270700000000001e-09   1.7864600000000001e-09
   1.3310799999999999e-09   1.7922799999999999e-09
   1.3350700000000000e-09   1.7980700000000000e-09
   1.3390300000000001e-09   1.8038200000000001e-09
   1.3429700000000000e-09   1.8095399999999999e-09
   1.3468800000000000e-09   1.8152299999999999e-09
   1.3507800000000000e-09   1.8208899999999999e-09
   1.3546500000000001e-09   1.8265099999999999e-09
   1.3584899999999999e-09   1.8320999999999999e-09
   1.3623199999999999e-09   1.8376699999999999e-09
   1.3661299999999999e-09   1.8432000000000000e-09
   1.3699100000000001e-09   1.8487099999999999e-09
   1.3736700000000001e-09   1.8541799999999999e-09
   1.3774200000000000e-09   1.8596299999999999e-09
   1.3811400000000001e-09   1.8650499999999999e-09
   1.3848399999999999e-09   1.8704400000000000e-09
   1.3885300000000000e-09   1.8758000000000001e-09
   1.3921899999999999e-09   1.8811300000000001e-09
   1.3958299999999999e-09   1.8864400000000000e-09
   1.3994600000000000e-09   1.8917200000000002e-09
   1.4030700000000000e-09   1.8969699999999999e-09
   1.4066600000000000e-09   1.9021999999999999e-09
   1.4102300000000000e-09   1.9073999999999998e-09
   1.4137800000000001e-09   1.9125800000000000e-09
   1.4173099999999999e-09   1.9177300000000002e-09
   1.4208299999999999e-09   1.9228600000000001e-09
   1.4243300000000000e-09   1.9279600000000000e-09
   1.4278100000000001e-09   1.9330400000000002e-09
   1.4312800000000000e-09   1.9381000000000002e-09
   1.4347300000000001e-09   1.9431300000000001e-09
   1.4381599999999999e-09   1.9481399999999999e-09
   1.4415700000000000e-09   1.9531200000000000e-09
   1.4449700000000000e-09   1.9580799999999999e-09
   1.4483599999999999e-09   1.9630200000000001e-09
   1.4517299999999999e-09   1.9679400000000001e-09
   1.4550799999999999e-09   1.9728400000000000e-09
   1.4584200000000000e-09   1.9777100000000002e-09
   1.4617400000000000e-09   1.9825599999999998e-09
   1.4650500000000000e-09   1.9873900000000001e-09
   1.4683399999999999e-09   1.9921999999999998e-09
   1.4716199999999999e-09   1.9969900000000002e-09
   1.4748800000000000e-09   2.0017599999999999e-09
   1.4781299999999999e-09   2.0065099999999999e-09
   1.4813599999999999e-09   2.0112400000000002e-09
   1.4845800000000001e-09   2.0159499999999998e-09
   1.4877900000000001e-09   2.0206299999999999e-09
   1.4909800000000000e-09   2.0253000000000000e-09
   1.4941599999999999e-09   2.0299500000000000e-09
   1.4973300000000000e-09   2.0345799999999998e-09
   1.5004800000000000e-09   2.0391899999999999e-09
   1.5036200000000000e-09   2.0437900000000000e-09
   1.5067399999999999e-09   2.0483600000000002e-09
   1.5098600000000000e-09   2.0529200000000000e-09
   1.5129599999999999e-09   2.0574600000000000e-09
   1.5160400000000001e-09   2.0619799999999999e-09
   1.5191200000000000e-09   2.0664800000000001e-09
   1.5221800000000000e-09   2.0709600000000001e-09
   1.5252299999999999e-09   2.0754300000000001e-09
   1.5282699999999999e-09   2.0798800000000001e-09
   1.5313000000000001e-09   2.0843200000000001e-09
   1.5343100000000001e-09   2.0887300000000001e-09
   1.5373099999999999e-09   2.0931300000000002e-09
   1.5403100000000000e-09   2.0975100000000001e-09
   1.5432800000000001e-09   2.1018800000000002e-09
   1.5462499999999999e-09   2.1062300000000001e-09
   1.5492100000000001e-09   2.1105600000000002e-09
   1.5521500000000001e-09   2.1148800000000000e-09
   1.5550900000000001e-09   2.1191900000000000e-09
   1.5580100000000001e-09   2.1234699999999999e-09
   1.5609200000000000e-09   2.1277399999999999e-09
   1.5638300000000000e-09   2.1320000000000001e-09
   1.5667199999999999e-09   2.1362400000000001e-09
   1.5696000000000000e-09   2.1404599999999999e-09
   1.5724700000000001e-09   2.1446800000000001e-09
   1.5753200000000001e-09   2.1488699999999998e-09
   1.5781699999999999e-09   2.1530500000000001e-09
   1.5810099999999999e-09   2.1572200000000001e-09
   1.5838400000000000e-09   2.1613700000000000e-09
   1.5866600000000000e-09   2.1655099999999999e-09
   1.5894700000000001e-09   2.1696300000000001e-09
   1.5922600000000000e-09   2.1737400000000000e-09
   1.5950500000000000e-09   2.1778400000000000e-09
   1.5978300000000001e-09   2.1819199999999998e-09
   1.6006000000000000e-09   2.1859799999999999e-09
   1.6033599999999999e-09   2.1900400000000000e-09
   1.6061099999999999e-09   2.1940799999999999e-09
   1.6088500000000001e-09   2.1981100000000000e-09
   1.6115799999999999e-09   2.2021199999999998e-09
   1.6143100000000000e-09   2.2061199999999998e-09
   1.6170200000000001e-09   2.2101099999999999e-09
   1.6197200000000001e-09   2.2140900000000002e-09
   1.6224200000000001e-09   2.2180499999999998e-09
   1.6250999999999999e-09   2.2220000000000000e-09
   1.6277799999999999e-09   2.2259300000000000e-09
   1.6304500000000001e-09   2.2298600000000000e-09
   1.6331100000000000e-09   2.2337699999999998e-09
   1.6357599999999999e-09   2.2376700000000002e-09
   1.6384000000000000e-09   2.2415599999999999e-09
   1.6410399999999999e-09   2.2454300000000002e-09
   1.6436600000000001e-09   2.2493000000000001e-09
   1.6462800000000000e-09   2.2531499999999998e-09
   1.6488900000000001e-09   2.2569900000000001e-09
   1.6514900000000001e-09   2.2608100000000002e-09
   1.6540799999999999e-09   2.2646299999999999e-09
   1.6566700000000000e-09   2.2684400000000001e-09
   1.6592399999999999e-09   2.2722300000000001e-09
   1.6618100000000001e-09   2.2760099999999999e-09
   1.6643699999999999e-09   2.2797800000000002e-09
   1.6669300000000000e-09   2.2835400000000002e-09
   1.6694700000000000e-09   2.2872899999999999e-09
   1.6720100000000001e-09   2.2910300000000001e-09
   1.6745400000000001e-09   2.2947500000000002e-09
   1.6770600000000000e-09   2.2984699999999998e-09
   1.6795700000000000e-09   2.3021700000000001e-09
   1.6820800000000000e-09   2.3058700000000000e-09
   1.6845800000000000e-09   2.3095500000000002e-09
   1.6870700000000000e-09   2.3132200000000000e-09
   1.6895599999999999e-09   2.3168800000000000e-09
   1.6920300000000000e-09   2.3205300000000001e-09
   1.6945000000000001e-09   2.3241800000000001e-09
   1.6969700000000000e-09   2.3278100000000001e-09
   1.6994199999999999e-09   2.3314300000000001e-09
   1.7018700000000000e-09   2.3350399999999998e-09
   1.7043100000000001e-09   2.3386400000000001e-09
   1.7067499999999999e-09   2.3422300000000001e-09
   1.7091800000000001e-09   2.3458100000000002e-09
   1.7116000000000000e-09   2.3493800000000000e-09
   1.7140100000000000e-09   2.3529399999999999e-09
   1.7164200000000000e-09   2.3564900000000000e-09
   1.7188200000000001e-09   2.3600400000000001e-09
   1.7212100000000001e-09   2.3635699999999999e-09
   1.7235999999999999e-09   2.3670899999999999e-09
   1.7259800000000001e-09   2.3706099999999999e-09
   1.7283499999999999e-09   2.3741100000000002e-09
   1.7307200000000000e-09   2.3776000000000001e-09
   1.7330800000000000e-09   2.3810900000000001e-09
   1.7354400000000000e-09   2.3845700000000002e-09
   1.7377900000000001e-09   2.3880300000000001e-09
   1.7401300000000001e-09   2.3914900000000000e-09
   1.7424600000000000e-09   2.3949400000000000e-09
   1.7447899999999999e-09   2.3983800000000001e-09
   1.7471200000000001e-09   2.4018100000000000e-09
   1.7494300000000000e-09   2.4052300000000000e-09
   1.7517400000000000e-09   2.4086499999999999e-09
   1.7540500000000000e-09   2.4120500000000002e-09
   1.7563500000000000e-09   2.4154500000000000e-09
   1.7586400000000000e-09   2.4188399999999999e-09
   1.7609300000000000e-09   2.4222199999999999e-09
   1.7632100000000000e-09   2.4255900000000001e-09
   1.7654800000000000e-09   2.4289500000000000e-09
   1.7677500000000000e-09   2.4323000000000000e-09
   1.7700200000000001e-09   2.4356500000000000e-09
   1.7722699999999999e-09   2.4389900000000001e-09
   1.7745300000000001e-09   2.4423199999999999e-09
   1.7767700000000001e-09   2.4456399999999998e-09
   1.7790100000000000e-09   2.4489499999999999e-09
   1.7812500000000000e-09   2.4522500000000001e-09
   1.7834799999999999e-09   2.4555499999999999e-09
   1.7856999999999999e-09   2.4588400000000002e-09
   1.7879200000000000e-09   2.4621200000000002e-09
   1.7901299999999999e-09   2.4653899999999999e-09
   1.7923400000000000e-09   2.4686600000000000e-09
   1.7945400000000001e-09   2.4719199999999999e-09
   1.7967399999999999e-09   2.4751600000000000e-09
   1.7989299999999999e-09   2.4784099999999999e-09
   1.8011200000000001e-09   2.4816400000000001e-09
   1.8033000000000000e-09   2.4848699999999999e-09
   1.8054700000000000e-09   2.4880899999999998e-09
   1.8076400000000000e-09   2.4912999999999999e-09
   1.8098100000000000e-09   2.4945000000000000e-09
   1.8119700000000001e-09   2.4977000000000002e-09
   1.8141199999999999e-09   2.5008900000000000e-09
   1.8162700000000000e-09   2.5040700000000000e-09
   1.8184099999999999e-09   2.5072500000000000e-09
   1.8205500000000001e-09   2.5104099999999998e-09
   1.8226900000000000e-09   2.5135700000000000e-09
   1.8248199999999999e-09   2.5167299999999998e-09
   1.8269399999999999e-09   2.5198699999999999e-09
   1.8290600000000001e-09   2.5230100000000000e-09
   1.8311800000000001e-09   2.5261400000000001e-09
   1.8332900000000000e-09   2.5292699999999999e-09
   1.8353900000000000e-09   2.5323900000000002e-09
   1.8374900000000000e-09   2.5355000000000002e-09
   1.8395900000000001e-09   2.5385999999999999e-09
   1.8416800000000000e-09   2.5417000000000000e-09
   1.8437600000000001e-09   2.5447899999999999e-09
   1.8458399999999999e-09   2.5478699999999998e-09
   1.8479200000000000e-09   2.5509500000000002e-09
   1.8499899999999999e-09   2.5540199999999998e-09
   1.8520599999999999e-09   2.5570800000000000e-09
   1.8541200000000000e-09   2.5601399999999998e-09
   1.8561800000000001e-09   2.5631900000000001e-09
   1.8582299999999999e-09   2.5662300000000001e-09
   1.8602799999999999e-09   2.5692700000000002e-09
   1.8623200000000000e-09   2.5722999999999999e-09
   1.8643600000000000e-09   2.5753300000000000e-09
   1.8664000000000001e-09   2.5783499999999999e-09
   1.8684299999999999e-09   2.5813599999999999e-09
   1.8704600000000002e-09   2.5843600000000000e-09
   1.8724800000000001e-09   2.5873600000000000e-09
   1.8745000000000001e-09   2.5903499999999998e-09
   1.8765100000000002e-09   2.5933400000000001e-09
   1.8785199999999998e-09   2.5963200000000000e-09
   1.8805200000000000e-09   2.5992900000000000e-09
   1.8825199999999998e-09   2.6022600000000001e-09
   1.8845200000000000e-09   2.6052199999999998e-09
   1.8865099999999999e-09   2.6081800000000000e-09
   1.8884999999999998e-09   2.6111299999999999e-09
   1.8904799999999999e-09   2.6140699999999998e-09
   1.8924599999999999e-09   2.6170099999999998e-09
   1.8944399999999999e-09   2.6199400000000000e-09
   1.8964100000000001e-09   2.6228700000000001e-09
   1.8983799999999998e-09   2.6257899999999999e-09
   1.9003400000000001e-09   2.6286999999999998e-09
   1.9022999999999999e-09   2.6316100000000002e-09
   1.9042600000000002e-09   2.6345200000000001e-09
   1.9062100000000002e-09   2.6374099999999999e-09
   1.9081499999999999e-09   2.6403000000000001e-09
   1.9100999999999998e-09   2.6431899999999998e-09
   1.9120399999999999e-09   2.6460700000000001e-09
   1.9139700000000002e-09   2.6489400000000002e-09
   1.9159000000000000e-09   2.6518100000000002e-09
   1.9178300000000002e-09   2.6546699999999999e-09
   1.9197500000000001e-09   2.6575300000000000e-09
   1.9216700000000000e-09   2.6603799999999999e-09
   1.9235900000000000e-09   2.6632300000000001e-09
   1.9255000000000000e-09   2.6660700000000001e-09
   1.9274100000000001e-09   2.6689000000000002e-09
   1.9293099999999998e-09   2.6717299999999998e-09
   1.9312100000000000e-09   2.6745599999999999e-09
   1.9331100000000002e-09   2.6773800000000001e-09
   1.9350099999999999e-09   2.6801900000000000e-09
   1.9368899999999999e-09   2.6829999999999999e-09
   1.9387800000000002e-09   2.6858000000000000e-09
   1.9406600000000002e-09   2.6886000000000000e-09
   1.9425400000000002e-09   2.6913900000000002e-09
   1.9444200000000002e-09   2.6941799999999999e-09
   1.9462899999999999e-09   2.6969600000000002e-09
   1.9481600000000000e-09   2.6997400000000000e-09
   1.9500199999999998e-09   2.7025100000000000e-09
   1.9518800000000001e-09   2.7052800000000000e-09
   1.9537399999999999e-09   2.7080400000000001e-09
   1.9555899999999999e-09   2.7107899999999999e-09
   1.9574399999999998e-09   2.7135400000000001e-09
   1.9592900000000002e-09   2.7162899999999999e-09
   1.9611299999999998e-09   2.7190299999999999e-09
   1.9629699999999999e-09   2.7217699999999998e-09
   1.9648100000000000e-09   2.7244999999999998e-09
   1.9666400000000001e-09   2.7272299999999999e-09
   1.9684699999999999e-09   2.7299500000000001e-09
   1.9703000000000001e-09   2.7326599999999999e-09
   1.9721200000000000e-09   2.7353800000000001e-09
   1.9739399999999999e-09   2.7380800000000001e-09
   1.9757499999999999e-09   2.7407800000000001e-09
   1.9775699999999998e-09   2.7434800000000001e-09
   1.9793799999999998e-09   2.7461699999999998e-09
   1.9811800000000000e-09   2.7488600000000000e-09
   1.9829800000000001e-09   2.7515400000000002e-09
   1.9847799999999998e-09   2.7542200000000000e-09
   1.9865800000000000e-09   2.7568900000000000e-09
   1.9883699999999998e-09   2.7595599999999999e-09
   1.9901600000000001e-09   2.7622299999999999e-09
   1.9919499999999999e-09   2.7648900000000000e-09
   1.9937299999999999e-09   2.7675400000000001e-09
   1.9955099999999999e-09   2.7701899999999999e-09
   1.9972899999999998e-09   2.7728400000000001e-09
   1.9990599999999999e-09   2.7754800000000000e-09
   2.0008300000000000e-09   2.7781100000000000e-09
   2.0026000000000001e-09   2.7807499999999999e-09
   2.0043700000000002e-09   2.7833700000000001e-09
   2.0061300000000000e-09   2.7860000000000001e-09
   2.0078900000000002e-09   2.7886199999999998e-09
   2.0096400000000001e-09   2.7912300000000001e-09
   2.0113900000000000e-09   2.7938399999999999e-09
   2.0131399999999999e-09   2.7964399999999999e-09
   2.0148899999999999e-09   2.7990500000000002e-09
   2.0166299999999999e-09   2.8016399999999999e-09
   2.0183699999999999e-09   2.8042299999999999e-09
   2.0201100000000000e-09   2.8068200000000000e-09
   2.0218400000000001e-09   2.8094100000000001e-09
   2.0235699999999999e-09   2.8119800000000000e-09
   2.0253000000000000e-09   2.8145599999999998e-09
   2.0270300000000002e-09   2.8171300000000002e-09
   2.0287500000000001e-09   2.8197000000000001e-09
   2.0304699999999999e-09   2.8222600000000001e-09
   2.0321799999999999e-09   2.8248200000000002e-09
   2.0339000000000002e-09   2.8273699999999999e-09
   2.0356100000000002e-09   2.8299200000000001e-09
   2.0373200000000002e-09   2.8324699999999998e-09
   2.0390199999999999e-09   2.8350100000000001e-09
   2.0407200000000000e-09   2.8375400000000001e-09
   2.0424200000000001e-09   2.8400800000000000e-09
   2.0441200000000002e-09   2.8426100000000000e-09
   2.0458100000000000e-09   2.8451300000000001e-09
   2.0474999999999998e-09   2.8476500000000002e-09
   2.0491900000000000e-09   2.8501699999999999e-09
   2.0508799999999998e-09   2.8526800000000001e-09
   2.0525600000000002e-09   2.8551899999999999e-09
   2.0542400000000001e-09   2.8577000000000002e-09
   2.0559100000000002e-09   2.8602000000000001e-09
   2.0575900000000001e-09   2.8626900000000002e-09
   2.0592600000000002e-09   2.8651900000000001e-09
   2.0609299999999998e-09   2.8676800000000002e-09
   2.0625999999999999e-09   2.8701599999999999e-09
   2.0642600000000001e-09   2.8726400000000001e-09
   2.0659199999999998e-09   2.8751199999999999e-09
   2.0675800000000000e-09   2.8775900000000002e-09
   2.0692299999999999e-09   2.8800600000000001e-09
   2.0708900000000001e-09   2.8825300000000000e-09
   2.0725400000000000e-09   2.8849900000000000e-09
   2.0741800000000000e-09   2.8874500000000000e-09
   2.0758299999999999e-09   2.8899000000000001e-09
   2.0774699999999999e-09   2.8923499999999998e-09
   2.0791099999999999e-09   2.8948000000000000e-09
   2.0807499999999999e-09   2.8972399999999998e-09
   2.0823800000000000e-09   2.8996800000000001e-09
   2.0840100000000001e-09   2.9021199999999999e-09
   2.0856399999999998e-09   2.9045499999999999e-09
   2.0872700000000000e-09   2.9069799999999998e-09
   2.0888899999999998e-09   2.9094100000000002e-09
   2.0905199999999999e-09   2.9118299999999999e-09
   2.0921400000000002e-09   2.9142400000000001e-09
   2.0937500000000001e-09   2.9166600000000001e-09
   2.0953700000000000e-09   2.9190699999999999e-09
   2.0969799999999999e-09   2.9214699999999998e-09
   2.0985899999999999e-09   2.9238800000000000e-09
   2.1001900000000000e-09   2.9262799999999999e-09
   2.1017999999999999e-09   2.9286700000000000e-09
   2.1034000000000000e-09   2.9310600000000000e-09
   2.1050000000000001e-09   2.9334500000000000e-09
   2.1066000000000001e-09   2.9358400000000001e-09
   2.1081899999999999e-09   2.9382199999999998e-09
   2.1097800000000001e-09   2.9406000000000000e-09
   2.1113699999999999e-09   2.9429699999999998e-09
   2.1129600000000001e-09   2.9453400000000001e-09
   2.1145499999999999e-09   2.9477099999999999e-09
   2.1161299999999998e-09   2.9500799999999998e-09
   2.1177100000000001e-09   2.9524400000000002e-09
   2.1192900000000000e-09   2.9548000000000002e-09
   2.1208600000000001e-09   2.9571499999999999e-09
   2.1224400000000000e-09   2.9595000000000000e-09
   2.1240100000000000e-09   2.9618500000000001e-09
   2.1255800000000000e-09   2.9641899999999999e-09
   2.1271400000000002e-09   2.9665300000000001e-09
   2.1287100000000002e-09   2.9688699999999999e-09
   2.1302699999999999e-09   2.9711999999999998e-09
   2.1318300000000001e-09   2.9735400000000001e-09
   2.1333899999999998e-09   2.9758600000000001e-09
   2.1349400000000001e-09   2.9781900000000000e-09
   2.1364899999999999e-09   2.9805100000000001e-09
   2.1380400000000002e-09   2.9828199999999998e-09
   2.1395900000000001e-09   2.9851399999999999e-09
   2.1411399999999999e-09   2.9874500000000001e-09
   2.1426799999999999e-09   2.9897599999999998e-09
   2.1442199999999999e-09   2.9920600000000001e-09
   2.1457599999999998e-09   2.9943600000000000e-09
   2.1472999999999998e-09   2.9966599999999999e-09
   2.1488299999999999e-09   2.9989600000000002e-09
   2.1503699999999999e-09   3.0012500000000002e-09
   2.1519000000000000e-09   3.0035400000000002e-09
   2.1534300000000001e-09   3.0058199999999999e-09
   2.1549499999999999e-09   3.0081099999999999e-09
   2.1564800000000000e-09   3.0103800000000001e-09
   2.1580000000000002e-09   3.0126599999999998e-09
   2.1595200000000000e-09   3.0149300000000001e-09
   2.1610399999999998e-09   3.0171999999999999e-09
   2.1625500000000001e-09   3.0194700000000001e-09
   2.1640600000000001e-09   3.0217300000000001e-09
   2.1655799999999999e-09   3.0239900000000000e-09
   2.1670799999999999e-09   3.0262500000000000e-09
   2.1685899999999998e-09   3.0285099999999999e-09
   2.1701000000000002e-09   3.0307600000000000e-09
   2.1715999999999998e-09   3.0330100000000001e-09
   2.1730999999999999e-09   3.0352499999999998e-09
   2.1745999999999999e-09   3.0374900000000000e-09
   2.1761000000000000e-09   3.0397299999999998e-09
   2.1775900000000001e-09   3.0419700000000000e-09
   2.1790799999999999e-09   3.0441999999999999e-09
   2.1805700000000001e-09   3.0464300000000002e-09
   2.1820599999999998e-09   3.0486600000000001e-09
   2.1835500000000000e-09   3.0508900000000000e-09
   2.1850299999999998e-09   3.0531100000000000e-09
   2.1865100000000001e-09   3.0553300000000000e-09
   2.1879900000000000e-09   3.0575400000000002e-09
   2.1894699999999999e-09   3.0597499999999999e-09
   2.1909500000000002e-09   3.0619600000000000e-09
   2.1924200000000002e-09   3.0641700000000002e-09
   2.1939000000000000e-09   3.0663799999999999e-09
   2.1953700000000000e-09   3.0685800000000002e-09
   2.1968400000000000e-09   3.0707800000000000e-09
   2.1983000000000002e-09   3.0729700000000000e-09
   2.1997700000000001e-09   3.0751600000000000e-09
   2.2012299999999999e-09   3.0773499999999999e-09
   2.2026900000000000e-09   3.0795399999999999e-09
   2.2041500000000001e-09   3.0817299999999999e-09
   2.2056100000000002e-09   3.0839100000000000e-09
   2.2070600000000000e-09   3.0860900000000000e-09
   2.2085099999999999e-09   3.0882599999999998e-09
   2.2099600000000001e-09   3.0904399999999999e-09
   2.2114099999999999e-09   3.0926100000000001e-09
   2.2128600000000002e-09   3.0947700000000001e-09
   2.2143100000000000e-09   3.0969399999999999e-09
   2.2157499999999999e-09   3.0991000000000002e-09
   2.2171899999999999e-09   3.1012600000000001e-09
   2.2186299999999998e-09   3.1034200000000000e-09
   2.2200700000000002e-09   3.1055700000000001e-09
   2.2214999999999998e-09   3.1077200000000001e-09
   2.2229400000000002e-09   3.1098700000000001e-09
   2.2243699999999998e-09   3.1120200000000002e-09
   2.2257999999999999e-09   3.1141599999999999e-09
   2.2272300000000000e-09   3.1163000000000001e-09
   2.2286600000000000e-09   3.1184399999999998e-09
   2.2300799999999998e-09   3.1205700000000001e-09
   2.2315099999999999e-09   3.1227099999999999e-09
   2.2329300000000001e-09   3.1248400000000001e-09
   2.2343499999999998e-09   3.1269600000000001e-09
   2.2357600000000001e-09   3.1290900000000000e-09
   2.2371799999999999e-09   3.1312100000000000e-09
   2.2385899999999998e-09   3.1333300000000000e-09
   2.2400100000000000e-09   3.1354500000000000e-09
   2.2414199999999999e-09   3.1375600000000001e-09
   2.2428300000000002e-09   3.1396700000000002e-09
   2.2442299999999998e-09   3.1417799999999999e-09
   2.2456400000000001e-09   3.1438900000000000e-09
   2.2470400000000001e-09   3.1459899999999998e-09
   2.2484400000000001e-09   3.1480900000000000e-09
   2.2498400000000002e-09   3.1501899999999999e-09
   2.2512400000000002e-09   3.1522900000000001e-09
   2.2526400000000002e-09   3.1543800000000000e-09
   2.2540299999999999e-09   3.1564700000000000e-09
   2.2554299999999999e-09   3.1585599999999999e-09
   2.2568200000000001e-09   3.1606499999999998e-09
   2.2582099999999998e-09   3.1627299999999999e-09
   2.2595999999999999e-09   3.1648100000000000e-09
   2.2609800000000002e-09   3.1668900000000000e-09
   2.2623699999999999e-09   3.1689700000000001e-09
   2.2637500000000002e-09   3.1710399999999998e-09
   2.2651300000000000e-09   3.1731100000000000e-09
   2.2665099999999999e-09   3.1751800000000002e-09
   2.2678900000000001e-09   3.1772500000000000e-09
   2.2692600000000001e-09   3.1793099999999998e-09
   2.2706399999999999e-09   3.1813700000000002e-09
   2.2720099999999999e-09   3.1834300000000000e-09
   2.2733799999999999e-09   3.1854899999999999e-09
   2.2747499999999998e-09   3.1875499999999998e-09
   2.2761200000000002e-09   3.1895999999999998e-09
   2.2774900000000002e-09   3.1916499999999998e-09
   2.2788499999999998e-09   3.1936900000000000e-09
   2.2802099999999999e-09   3.1957400000000000e-09
   2.2815700000000000e-09   3.1977800000000001e-09
   2.2829300000000001e-09   3.1998199999999998e-09
   2.2842900000000002e-09   3.2018599999999999e-09
   2.2856499999999999e-09   3.2038900000000002e-09
   2.2870000000000001e-09   3.2059299999999999e-09
   2.2883600000000002e-09   3.2079600000000002e-09
   2.2897099999999999e-09   3.2099900000000000e-09
   2.2910600000000002e-09   3.2120100000000000e-09
   2.2924099999999999e-09   3.2140400000000002e-09
   2.2937499999999999e-09   3.2160600000000002e-09
   2.2951000000000001e-09   3.2180800000000001e-09
   2.2964400000000000e-09   3.2200900000000002e-09
   2.2977799999999999e-09   3.2221100000000002e-09
   2.2991300000000001e-09   3.2241199999999998e-09
   2.3004600000000001e-09   3.2261299999999999e-09
   2.3018000000000001e-09   3.2281400000000000e-09
   2.3031400000000000e-09   3.2301400000000002e-09
   2.3044700000000000e-09   3.2321499999999998e-09
   2.3058099999999999e-09   3.2341500000000000e-09
   2.3071400000000000e-09   3.2361499999999998e-09
   2.3084700000000000e-09   3.2381400000000002e-09
   2.3097900000000001e-09   3.2401399999999999e-09
   2.3111200000000002e-09   3.2421299999999998e-09
   2.3124499999999998e-09   3.2441200000000002e-09
   2.3137700000000000e-09   3.2461100000000001e-09
   2.3150900000000001e-09   3.2480900000000001e-09
   2.3164099999999999e-09   3.2500800000000000e-09
   2.3177300000000000e-09   3.2520600000000000e-09
   2.3190500000000002e-09   3.2540400000000001e-09
   2.3203699999999999e-09   3.2560099999999998e-09
   2.3216800000000002e-09   3.2579899999999998e-09
   2.3229900000000001e-09   3.2599600000000000e-09
   2.3243099999999998e-09   3.2619300000000001e-09
   2.3256200000000001e-09   3.2638999999999999e-09
   2.3269200000000001e-09   3.2658600000000001e-09
   2.3282299999999999e-09   3.2678299999999999e-09
   2.3295399999999998e-09   3.2697900000000001e-09
   2.3308400000000002e-09   3.2717500000000000e-09
   2.3321400000000002e-09   3.2737000000000000e-09
   2.3334500000000000e-09   3.2756599999999998e-09
   2.3347500000000000e-09   3.2776099999999998e-09
   2.3360400000000001e-09   3.2795600000000002e-09
   2.3373400000000001e-09   3.2815100000000002e-09
   2.3386400000000001e-09   3.2834600000000002e-09
   2.3399299999999998e-09   3.2853999999999998e-09
   2.3412199999999999e-09   3.2873499999999998e-09
   2.3425199999999999e-09   3.2892899999999999e-09
   2.3438100000000000e-09   3.2912200000000001e-09
   2.3450899999999998e-09   3.2931599999999998e-09
   2.3463799999999999e-09   3.2950999999999999e-09
   2.3476700000000000e-09   3.2970300000000001e-09
   2.3489499999999998e-09   3.2989599999999999e-09
   2.3502300000000001e-09   3.3008900000000002e-09
   2.3515200000000002e-09   3.3028100000000001e-09
   2.3528000000000000e-09   3.3047399999999999e-09
   2.3540699999999999e-09   3.3066599999999998e-09
   2.3553500000000001e-09   3.3085800000000002e-09
   2.3566300000000000e-09   3.3105000000000001e-09
   2.3578999999999999e-09   3.3124100000000001e-09
   2.3591800000000001e-09   3.3143300000000001e-09
   2.3604500000000001e-09   3.3162400000000001e-09
   2.3617200000000000e-09   3.3181500000000002e-09
   2.3629899999999999e-09   3.3200499999999999e-09
   2.3642500000000000e-09   3.3219600000000000e-09
   2.3655199999999999e-09   3.3238600000000001e-09
   2.3667899999999998e-09   3.3257700000000002e-09
   2.3680499999999999e-09   3.3276699999999999e-09
   2.3693100000000000e-09   3.3295599999999998e-09
   2.3705700000000000e-09   3.3314600000000000e-09
   2.3718300000000001e-09   3.3333499999999999e-09
   2.3730900000000001e-09   3.3352500000000000e-09
   2.3743500000000002e-09   3.3371399999999999e-09
   2.3755999999999999e-09   3.3390199999999999e-09
   2.3768600000000000e-09   3.3409100000000002e-09
   2.3781100000000002e-09   3.3428000000000001e-09
   2.3793599999999999e-09   3.3446800000000001e-09
   2.3806100000000001e-09   3.3465600000000001e-09
   2.3818599999999999e-09   3.3484400000000001e-09
   2.3831100000000001e-09   3.3503100000000002e-09
   2.3843499999999999e-09   3.3521900000000002e-09
   2.3856000000000001e-09   3.3540599999999999e-09
   2.3868400000000000e-09   3.3559300000000000e-09
   2.3880900000000002e-09   3.3578000000000001e-09
   2.3893300000000001e-09   3.3596699999999998e-09
   2.3905699999999999e-09   3.3615300000000001e-09
   2.3918099999999998e-09   3.3634000000000002e-09
   2.3930399999999998e-09   3.3652600000000000e-09
   2.3942800000000001e-09   3.3671199999999998e-09
   2.3955100000000001e-09   3.3689800000000001e-09
   2.3967500000000000e-09   3.3708300000000000e-09
   2.3979800000000000e-09   3.3726899999999999e-09
   2.3992100000000000e-09   3.3745399999999998e-09
   2.4004400000000000e-09   3.3763900000000002e-09
   2.4016700000000000e-09   3.3782400000000001e-09
   2.4029000000000000e-09   3.3800800000000002e-09
   2.4041200000000002e-09   3.3819300000000001e-09
   2.4053500000000002e-09   3.3837700000000002e-09
   2.4065699999999999e-09   3.3856099999999999e-09
   2.4077900000000000e-09   3.3874499999999999e-09
   2.4090100000000001e-09   3.3892900000000000e-09
   2.4102299999999999e-09   3.3911300000000001e-09
   2.4114500000000000e-09   3.3929599999999998e-09
   2.4126700000000001e-09   3.3947900000000000e-09
   2.4138899999999998e-09   3.3966199999999998e-09
   2.4151000000000001e-09   3.3984500000000000e-09
   2.4163099999999999e-09   3.4002800000000002e-09
   2.4175300000000000e-09   3.4021000000000001e-09
   2.4187399999999999e-09   3.4039299999999998e-09
   2.4199500000000001e-09   3.4057500000000002e-09
   2.4211599999999999e-09   3.4075700000000001e-09
   2.4223599999999999e-09   3.4093800000000001e-09
   2.4235700000000001e-09   3.4112000000000000e-09
   2.4247800000000000e-09   3.4130199999999999e-09
   2.4259799999999999e-09   3.4148299999999999e-09
   2.4271799999999999e-09   3.4166399999999999e-09
   2.4283799999999998e-09   3.4184499999999999e-09
   2.4295800000000002e-09   3.4202599999999999e-09
   2.4307800000000002e-09   3.4220600000000001e-09
   2.4319800000000001e-09   3.4238700000000001e-09
   2.4331800000000001e-09   3.4256699999999998e-09
   2.4343700000000001e-09   3.4274700000000000e-09
   2.4355700000000001e-09   3.4292700000000001e-09
   2.4367600000000002e-09   3.4310599999999999e-09
   2.4379499999999998e-09   3.4328600000000001e-09
   2.4391399999999999e-09   3.4346499999999999e-09
   2.4403300000000000e-09   3.4364500000000001e-09
   2.4415200000000001e-09   3.4382399999999999e-09
   2.4427100000000001e-09   3.4400199999999999e-09
   2.4438999999999998e-09   3.4418100000000001e-09
   2.4450800000000000e-09   3.4436000000000000e-09
   2.4462700000000001e-09   3.4453799999999999e-09
   2.4474499999999999e-09   3.4471599999999999e-09
   2.4486300000000001e-09   3.4489399999999999e-09
   2.4498099999999998e-09   3.4507199999999998e-09
   2.4509900000000000e-09   3.4524999999999998e-09
   2.4521699999999998e-09   3.4542699999999999e-09
   2.4533500000000000e-09   3.4560499999999999e-09
   2.4545199999999999e-09   3.4578200000000000e-09
   2.4557000000000001e-09   3.4595900000000000e-09
   2.4568700000000000e-09   3.4613600000000001e-09
   2.4580399999999999e-09   3.4631199999999999e-09
   2.4592200000000001e-09   3.4648900000000000e-09
   2.4603900000000000e-09   3.4666499999999998e-09
   2.4615599999999999e-09   3.4684100000000000e-09
   2.4627199999999999e-09   3.4701800000000001e-09
   2.4638899999999999e-09   3.4719300000000000e-09
   2.4650600000000002e-09   3.4736899999999998e-09
   2.4662200000000002e-09   3.4754500000000000e-09
   2.4673900000000001e-09   3.4771999999999999e-09
   2.4685500000000001e-09   3.4789499999999999e-09
   2.4697100000000001e-09   3.4807000000000002e-09
   2.4708700000000002e-09   3.4824500000000001e-09
   2.4720300000000002e-09   3.4842000000000000e-09
   2.4731899999999998e-09   3.4859499999999999e-09
   2.4743499999999998e-09   3.4876900000000000e-09
   2.4755000000000000e-09   3.4894300000000000e-09
   2.4766600000000000e-09   3.4911799999999999e-09
   2.4778100000000002e-09   3.4929100000000001e-09
   2.4789599999999999e-09   3.4946500000000001e-09
   2.4801199999999999e-09   3.4963900000000002e-09
   2.4812700000000001e-09   3.4981199999999999e-09
   2.4824200000000002e-09   3.4998599999999999e-09
   2.4835699999999999e-09   3.5015900000000001e-09
   2.4847100000000002e-09   3.5033199999999999e-09
   2.4858599999999999e-09   3.5050500000000000e-09
   2.4870100000000001e-09   3.5067800000000002e-09
   2.4881499999999999e-09   3.5085000000000000e-09
   2.4892900000000002e-09   3.5102300000000002e-09
   2.4904399999999999e-09   3.5119500000000001e-09
   2.4915800000000002e-09   3.5136699999999999e-09
   2.4927200000000001e-09   3.5153900000000002e-09
   2.4938599999999999e-09   3.5171100000000001e-09
   2.4950000000000002e-09   3.5188200000000001e-09
   2.4961300000000001e-09   3.5205399999999999e-09
   2.4972700000000000e-09   3.5222499999999999e-09
   2.4984000000000000e-09   3.5239599999999999e-09
   2.4995399999999998e-09   3.5256699999999999e-09
   2.5006699999999998e-09   3.5273799999999999e-09
   2.5018000000000002e-09   3.5290899999999999e-09
   2.5029300000000002e-09   3.5307900000000000e-09
   2.5040600000000001e-09   3.5325000000000000e-09
   2.5051900000000001e-09   3.5342000000000001e-09
   2.5063200000000001e-09   3.5359000000000002e-09
   2.5074500000000001e-09   3.5375999999999999e-09
   2.5085700000000002e-09   3.5393000000000000e-09
   2.5097000000000001e-09   3.5410000000000001e-09
   2.5108199999999998e-09   3.5426899999999999e-09
   2.5119500000000002e-09   3.5443900000000000e-09
   2.5130699999999999e-09   3.5460799999999998e-09
   2.5141900000000000e-09   3.5477700000000000e-09
   2.5153100000000001e-09   3.5494599999999999e-09
   2.5164300000000002e-09   3.5511500000000001e-09
   2.5175499999999999e-09   3.5528399999999999e-09
   2.5186600000000001e-09   3.5545199999999998e-09
   2.5197800000000002e-09   3.5562000000000002e-09
   2.5208900000000000e-09   3.5578900000000000e-09
   2.5220100000000001e-09   3.5595699999999999e-09
   2.5231199999999999e-09   3.5612499999999999e-09
   2.5242300000000001e-09   3.5629199999999999e-09
   2.5253399999999999e-09   3.5645999999999999e-09
   2.5264500000000001e-09   3.5662799999999998e-09
   2.5275599999999999e-09   3.5679499999999999e-09
   2.5286700000000001e-09   3.5696199999999999e-09
   2.5297799999999999e-09   3.5712900000000000e-09
   2.5308799999999998e-09   3.5729600000000000e-09
   2.5319900000000001e-09   3.5746300000000001e-09
   2.5330900000000000e-09   3.5763000000000002e-09
   2.5342000000000002e-09   3.5779599999999999e-09
   2.5353000000000001e-09   3.5796300000000000e-09
   2.5364000000000001e-09   3.5812900000000002e-09
   2.5375000000000000e-09   3.5829499999999999e-09
   2.5385999999999999e-09   3.5846100000000001e-09
   2.5396999999999998e-09   3.5862699999999999e-09
   2.5408000000000002e-09   3.5879200000000002e-09
   2.5418900000000002e-09   3.5895799999999999e-09
   2.5429900000000001e-09   3.5912299999999998e-09
   2.5440800000000002e-09   3.5928900000000000e-09
   2.5451800000000001e-09   3.5945399999999999e-09
   2.5462700000000001e-09   3.5961900000000002e-09
   2.5473600000000002e-09   3.5978300000000002e-09
   2.5484499999999998e-09   3.5994800000000001e-09
   2.5495399999999999e-09   3.6011300000000000e-09
   2.5506299999999999e-09   3.6027700000000000e-09
   2.5517200000000000e-09   3.6044100000000000e-09
   2.5528100000000000e-09   3.6060599999999998e-09
   2.5538900000000002e-09   3.6076999999999999e-09
   2.5549799999999998e-09   3.6093399999999999e-09
   2.5560600000000000e-09   3.6109700000000000e-09
   2.5571500000000000e-09   3.6126100000000000e-09
   2.5582300000000002e-09   3.6142400000000001e-09
   2.5593099999999999e-09   3.6158800000000001e-09
   2.5603900000000001e-09   3.6175099999999998e-09
   2.5614699999999998e-09   3.6191400000000000e-09
   2.5625500000000000e-09   3.6207700000000001e-09
   2.5636300000000002e-09   3.6223999999999998e-09
   2.5647099999999999e-09   3.6240200000000001e-09
   2.5657799999999998e-09   3.6256500000000002e-09
   2.5668600000000000e-09   3.6272700000000000e-09
   2.5679299999999998e-09   3.6289000000000002e-09
   2.5690100000000000e-09   3.6305200000000000e-09
   2.5700799999999999e-09   3.6321399999999998e-09
   2.5711500000000002e-09   3.6337600000000001e-09
   2.5722200000000000e-09   3.6353700000000000e-09
   2.5732899999999999e-09   3.6369899999999999e-09
   2.5743600000000002e-09   3.6386100000000001e-09
   2.5754300000000001e-09   3.6402200000000001e-09
   2.5764900000000001e-09   3.6418300000000000e-09
   2.5775599999999999e-09   3.6434400000000000e-09
   2.5786299999999998e-09   3.6450499999999999e-09
   2.5796899999999998e-09   3.6466599999999999e-09
   2.5807600000000001e-09   3.6482699999999999e-09
   2.5818200000000001e-09   3.6498699999999999e-09
   2.5828800000000001e-09   3.6514799999999999e-09
   2.5839400000000001e-09   3.6530800000000000e-09
   2.5850000000000001e-09   3.6546800000000000e-09
   2.5860600000000001e-09   3.6562900000000000e-09
   2.5871200000000001e-09   3.6578800000000002e-09
   2.5881800000000001e-09   3.6594799999999999e-09
   2.5892300000000002e-09   3.6610799999999999e-09
   2.5902900000000002e-09   3.6626800000000000e-09
   2.5913500000000002e-09   3.6642699999999998e-09
   2.5923999999999999e-09   3.6658600000000000e-09
   2.5934500000000000e-09   3.6674500000000002e-09
   2.5945100000000000e-09   3.6690499999999999e-09
   2.5955600000000001e-09   3.6706300000000002e-09
   2.5966100000000002e-09   3.6722200000000000e-09
   2.5976599999999999e-09   3.6738100000000002e-09
   2.5987100000000000e-09   3.6753999999999999e-09
   2.5997600000000001e-09   3.6769799999999998e-09
   2.6008000000000000e-09   3.6785600000000002e-09
   2.6018500000000001e-09   3.6801400000000001e-09
   2.6029000000000002e-09   3.6817299999999999e-09
   2.6039400000000000e-09   3.6833100000000002e-09
   2.6049799999999998e-09   3.6848800000000002e-09
   2.6060299999999999e-09   3.6864600000000001e-09
   2.6070700000000002e-09   3.6880400000000000e-09
   2.6081100000000000e-09   3.6896100000000000e-09
   2.6091499999999998e-09   3.6911800000000001e-09
   2.6101900000000001e-09   3.6927600000000000e-09
   2.6112299999999999e-09   3.6943300000000000e-09
   2.6122700000000001e-09   3.6959000000000000e-09
   2.6133099999999999e-09   3.6974600000000002e-09
   2.6143399999999999e-09   3.6990300000000002e-09
   2.6153800000000001e-09   3.7005999999999998e-09
   2.6164100000000001e-09   3.7021600000000000e-09
   2.6174499999999999e-09   3.7037300000000000e-09
   2.6184799999999998e-09   3.7052900000000001e-09
   2.6195100000000002e-09   3.7068499999999999e-09
   2.6205500000000000e-09   3.7084100000000000e-09
   2.6215800000000000e-09   3.7099700000000002e-09
   2.6226099999999999e-09   3.7115299999999999e-09
   2.6236399999999998e-09   3.7130800000000002e-09
   2.6246599999999999e-09   3.7146399999999999e-09
   2.6256899999999999e-09   3.7161900000000002e-09
   2.6267199999999998e-09   3.7177499999999999e-09
   2.6277500000000002e-09   3.7193000000000002e-09
   2.6287699999999998e-09   3.7208500000000000e-09
   2.6298000000000002e-09   3.7223999999999999e-09
   2.6308199999999998e-09   3.7239500000000002e-09
   2.6318399999999999e-09   3.7254900000000001e-09
   2.6328599999999999e-09   3.7270400000000004e-09
   2.6338899999999999e-09   3.7285800000000000e-09
   2.6349100000000000e-09   3.7301300000000002e-09
   2.6359300000000000e-09   3.7316699999999998e-09
   2.6369400000000002e-09   3.7332100000000002e-09
   2.6379599999999999e-09   3.7347499999999997e-09
   2.6389799999999999e-09   3.7362900000000001e-09
   2.6400000000000000e-09   3.7378299999999997e-09
   2.6410100000000002e-09   3.7393600000000002e-09
   2.6420299999999998e-09   3.7408999999999998e-09
   2.6430400000000000e-09   3.7424300000000003e-09
   2.6440500000000002e-09   3.7439699999999998e-09
   2.6450699999999998e-09   3.7455000000000004e-09
   2.6460800000000000e-09   3.7470300000000000e-09
   2.6470899999999998e-09   3.7485599999999997e-09
   2.6481000000000000e-09   3.7500900000000002e-09
   2.6491100000000002e-09   3.7516100000000000e-09
   2.6501199999999999e-09   3.7531399999999997e-09
   2.6511300000000001e-09   3.7546700000000002e-09
   2.6521300000000000e-09   3.7561900000000000e-09
   2.6531399999999998e-09   3.7577099999999998e-09
   2.6541500000000000e-09   3.7592299999999996e-09
   2.6551499999999999e-09   3.7607600000000002e-09
   2.6561600000000001e-09   3.7622700000000001e-09
   2.6571600000000000e-09   3.7637899999999999e-09
   2.6581599999999998e-09   3.7653099999999997e-09
   2.6591600000000002e-09   3.7668300000000003e-09
   2.6601699999999999e-09   3.7683400000000002e-09
   2.6611699999999998e-09   3.7698600000000000e-09
   2.6621700000000001e-09   3.7713700000000000e-09
   2.6631600000000001e-09   3.7728799999999999e-09
   2.6641600000000000e-09   3.7743899999999998e-09
   2.6651599999999999e-09   3.7758999999999998e-09
   2.6661599999999998e-09   3.7774099999999997e-09
   2.6671499999999998e-09   3.7789199999999996e-09
   2.6681500000000001e-09   3.7804199999999996e-09
   2.6691400000000002e-09   3.7819300000000004e-09
   2.6701400000000000e-09   3.7834299999999996e-09
   2.6711300000000001e-09   3.7849400000000004e-09
   2.6721200000000001e-09   3.7864399999999996e-09
   2.6731100000000001e-09   3.7879399999999996e-09
   2.6741000000000001e-09   3.7894399999999997e-09
   2.6750900000000001e-09   3.7909399999999997e-09
   2.6760800000000001e-09   3.7924299999999999e-09
   2.6770700000000001e-09   3.7939299999999999e-09
   2.6780600000000002e-09   3.7954300000000000e-09
   2.6790500000000002e-09   3.7969200000000002e-09
   2.6800299999999999e-09   3.7984100000000003e-09
   2.6810199999999999e-09   3.7999100000000004e-09
   2.6820000000000000e-09   3.8013999999999997e-09
   2.6829900000000001e-09   3.8028899999999999e-09
   2.6839700000000002e-09   3.8043800000000000e-09
   2.6849499999999999e-09   3.8058600000000003e-09
   2.6859399999999999e-09   3.8073499999999997e-09
   2.6869200000000001e-09   3.8088399999999998e-09
   2.6879000000000002e-09   3.8103200000000001e-09
   2.6888799999999999e-09   3.8118100000000003e-09
   2.6898600000000001e-09   3.8132899999999998e-09
   2.6908400000000002e-09   3.8147700000000001e-09
   2.6918100000000000e-09   3.8162500000000003e-09
   2.6927900000000002e-09   3.8177299999999998e-09
   2.6937699999999999e-09   3.8192100000000001e-09
   2.6947400000000001e-09   3.8206900000000004e-09
   2.6957199999999999e-09   3.8221600000000000e-09
   2.6966900000000001e-09   3.8236400000000003e-09
   2.6976600000000000e-09   3.8251099999999998e-09
   2.6986400000000001e-09   3.8265900000000001e-09
   2.6996099999999999e-09   3.8280599999999997e-09
   2.7005800000000002e-09   3.8295300000000001e-09
   2.7015500000000000e-09   3.8309999999999997e-09
   2.7025199999999999e-09   3.8324700000000001e-09
   2.7034900000000001e-09   3.8339399999999997e-09
   2.7044600000000000e-09   3.8354100000000001e-09
   2.7054299999999998e-09   3.8368699999999998e-09
   2.7064000000000001e-09   3.8383400000000002e-09
   2.7073600000000000e-09   3.8397999999999999e-09
   2.7083299999999999e-09   3.8412599999999996e-09
   2.7092899999999999e-09   3.8427300000000000e-09
   2.7102600000000001e-09   3.8441899999999997e-09
   2.7112200000000001e-09   3.8456500000000003e-09
   2.7121800000000000e-09   3.8471100000000000e-09
   2.7131499999999999e-09   3.8485599999999998e-09
   2.7141099999999998e-09   3.8500200000000003e-09
   2.7150699999999998e-09   3.8514800000000000e-09
   2.7160300000000002e-09   3.8529299999999998e-09
   2.7169900000000001e-09   3.8543900000000004e-09
   2.7179500000000001e-09   3.8558400000000002e-09
   2.7189100000000001e-09   3.8572900000000000e-09
   2.7198600000000002e-09   3.8587399999999998e-09
   2.7208200000000001e-09   3.8601899999999997e-09
   2.7217800000000001e-09   3.8616400000000003e-09
   2.7227300000000002e-09   3.8630900000000002e-09
   2.7236900000000001e-09   3.8645400000000000e-09
   2.7246399999999998e-09   3.8659799999999999e-09
   2.7256000000000002e-09   3.8674299999999997e-09
   2.7265499999999999e-09   3.8688699999999997e-09
   2.7274999999999999e-09   3.8703200000000003e-09
   2.7284500000000000e-09   3.8717600000000003e-09
   2.7294100000000000e-09   3.8732000000000002e-09
   2.7303600000000001e-09   3.8746400000000002e-09
   2.7313100000000002e-09   3.8760800000000001e-09
   2.7322499999999999e-09   3.8775200000000001e-09
   2.7332000000000000e-09   3.8789500000000001e-09
   2.7341500000000001e-09   3.8803900000000001e-09
   2.7351000000000002e-09   3.8818300000000000e-09
   2.7360400000000000e-09   3.8832600000000001e-09
   2.7369900000000001e-09   3.8846900000000002e-09
   2.7379299999999999e-09   3.8861300000000001e-09
   2.7388800000000000e-09   3.8875600000000002e-09
   2.7398200000000002e-09   3.8889900000000002e-09
   2.7407699999999998e-09   3.8904200000000003e-09
   2.7417100000000000e-09   3.8918500000000004e-09
   2.7426499999999998e-09   3.8932699999999997e-09
   2.7435900000000000e-09   3.8946999999999998e-09
   2.7445299999999998e-09   3.8961299999999999e-09
   2.7454700000000000e-09   3.8975500000000000e-09
   2.7464099999999998e-09   3.8989800000000001e-09
   2.7473500000000000e-09   3.9004000000000003e-09
   2.7482899999999998e-09   3.9018199999999997e-09
   2.7492300000000000e-09   3.9032399999999999e-09
   2.7501599999999999e-09   3.9046600000000000e-09
   2.7511000000000001e-09   3.9060800000000002e-09
   2.7520300000000001e-09   3.9075000000000004e-09
   2.7529699999999999e-09   3.9089199999999998e-09
   2.7539000000000002e-09   3.9103300000000001e-09
   2.7548400000000000e-09   3.9117500000000003e-09
   2.7557699999999999e-09   3.9131599999999998e-09
   2.7566999999999998e-09   3.9145799999999999e-09
   2.7576300000000001e-09   3.9159900000000002e-09
   2.7585600000000000e-09   3.9173999999999997e-09
   2.7594899999999999e-09   3.9188100000000000e-09
   2.7604199999999999e-09   3.9202200000000003e-09
   2.7613500000000002e-09   3.9216299999999998e-09
   2.7622800000000001e-09   3.9230400000000001e-09
   2.7632100000000000e-09   3.9244399999999997e-09
   2.7641399999999999e-09   3.9258500000000000e-09
   2.7650600000000000e-09   3.9272600000000004e-09
   2.7659899999999999e-09   3.9286600000000000e-09
   2.7669099999999999e-09   3.9300600000000004e-09
   2.7678399999999998e-09   3.9314699999999999e-09
   2.7687599999999999e-09   3.9328700000000003e-09
   2.7696900000000002e-09   3.9342699999999999e-09
